 	1	2	3	4	5	6	7	8	9	10
A	26281577.18	10932210.54	32856071.23	5451467.75	1361150.52	1419888.68	1314680.12	1351377.55	1806235.77	2660310.39
B	5685358.35	5928623.66	8051219.83	6163259.98	1849736.68	1490437.88	1609378.91	1471205.1	3076174.98	12998076.63
C	6620794.22	6865038.81	7602349.94	6383908.72	11017718.91	9042454.71	7220674.14	6367214.34	10110912.97	14651315.52
D	7579137.52	8327834.59	8034782.44	5991292.18	5548597.02	6504788.27	18454068.94	6902609.94	16797281.48	12200053.99
E	6996253.18	9024426.07	9056894.81	13229291.97	9150648.55	9288610.76	14442031.02	4511809.46	10391134.2	14921935.7
F	12608597.2	9169849.5	10928367.78	9254054.68	8720478.88	4072970.39	12778406.36	4953599.0	12560329.17	17626694.39
G	5716273.05	6301457.33	5942501.25	6254952.96	15509073.23	7749958.27	7745576.89	8011133.51	6872261.69	28288316.91
H	6576212.47	6531203.92	6496832.79	6632346.49	16191180.89	7206225.56	6781253.64	5132807.23	7854142.77	21515781.26
I	13836123.11	13465570.82	28821432.83	19960705.17	20994482.02	3001085.45	10165151.71	21288982.22	8522314.02	40620528.37
J	10342363.62	9063046.65	18128227.78	9770253.11	26158054.5	14809620.98	12090547.8	23595333.02	16137868.44	33299713.64
K	6074223.5	5805772.23	4626973.9	5370673.7	7991624.84	5393405.41	7328578.84	7765021.03	6748173.56	19618863.91
L	7234750.85	5761343.67	3489027.07	2857778.35	3704739.74	2702226.02	4739865.6	3507195.56	5687350.65	12597236.66
M	4554868.45	4614832.33	3070211.12	3192738.88	3484836.39	2700379.9	3902398.77	3183988.58	5038140.05	19758602.98
N	5225513.76	3384629.23	2583919.62	2510069.49	3056890.68	2067299.46	4047867.71	2524822.11	5388027.95	20987716.93
O	3324570.65	4016192.6	2736470.27	2860202.86	4051597.94	4832828.94	4331099.98	3075468.2	5625120.83	27697930.49
P	4048742.03	3227520.82	2368880.97	2253221.58	3763094.83	3508846.24	3818783.94	3177611.57	5812113.27	23286733.42
Q	3534652.66	2731749.14	2148850.66	2416931.77	2029280.16	2797902.93	2876931.54	3411803.52	5288877.46	23077665.43
R	4968903.65	3506189.02	3328467.66	3170185.91	3670303.09	4540212.01	3925393.59	3316079.62	6186481.17	24312119.88
S	5070522.54	5392826.17	5277054.68	8055348.89	7560687.95	7065778.83	6959499.67	6421413.8	8823344.32	44443326.54
T	9458628.01	9108827.3	10394341.07	14543518.22	11732825.34	9405135.14	12899456.97	8560717.15	15543464.65	104929772.15
U	8861258.09	8818664.95	7931520.56	8583340.01	6986312.13	8453414.35	7331127.31	4973128.19	9043465.21	29957038.49
V	7178303.18	5326874.33	6029458.91	11175713.88	9690650.18	6704506.84	9208608.77	6098217.11	9154403.69	36693862.07
W	6273261.36	7241644.49	6506098.89	9869481.44	10332572.7	7220157.72	7452326.3	6655975.64	7284278.37	40961910.51
X	6412371.3	12281781.74	13422470.2	13911802.68	21529501.13	36092867.03	12735027.37	13150666.87	7481544.71	37853961.25
