-10.805920
-9.637220
-11.526660
-0.057160
-0.062880
0.035640
-5.809620
-7.869880
-8.508880
-0.051940
-0.057980
-0.001380
2.098760
-19.998960
-5.113930
-0.053700
-0.065850
0.031710
-10.226530
-3.624990
-14.859240
-0.040230
-0.011900
-0.096560
-4.851800
-26.262640
-6.205010
-0.053420
-0.051740
0.024190
-13.989360
-18.104160
-9.305030
-0.019690
-0.031320
-0.019840
-18.366330
-24.448980
-16.690010
0.020330
-0.034140
-0.020620
-20.276210
-16.956230
-36.582340
0.014450
-0.020440
-0.082970
1.444500
5.530040
4.551660
-0.023560
-0.042670
0.050230
5.505890
7.053810
1.943870
-0.031470
-0.035480
0.011660
3.241650
10.050020
4.262180
-0.034190
-0.026510
0.074560
7.022180
0.067080
-11.310120
-0.032520
-0.010210
-0.090080
-3.475880
-2.825340
-4.176680
-0.037190
-0.015190
0.065070
-4.026070
-11.195630
-10.529230
-0.005920
-0.012860
-0.004770
-11.474780
-9.577580
-10.368870
0.045550
-0.022490
0.005280
-14.192830
7.864220
-8.768210
0.057580
-0.023980
-0.040750
14.588900
36.633220
27.574970
0.013580
-0.023160
0.047230
12.531220
29.383670
21.403560
-0.000710
-0.005530
0.014840
18.644210
26.273270
18.327040
0.005780
0.033490
0.112490
4.530140
6.150990
7.419350
-0.028600
-0.003950
-0.083940
14.294220
9.775690
2.856890
-0.001070
0.042630
0.107390
7.172460
4.402420
-1.007940
0.000890
0.014360
0.006260
7.754870
5.019280
4.369080
0.039520
-0.006140
0.030390
10.255560
8.826310
24.217450
0.054920
-0.029680
0.001770
21.866480
24.032180
39.820080
0.004900
-0.012810
-0.017150
19.185470
23.974030
34.442420
0.019780
0.015640
-0.024340
26.306140
14.226620
31.168440
0.064950
0.195900
0.056310
21.093540
25.562530
29.916290
-0.043970
-0.080790
-0.079030
28.302020
16.805670
38.639450
0.058640
0.164070
0.076220
22.685280
25.911190
40.459790
-0.031850
-0.010390
-0.012060
31.987030
24.462710
38.130280
-0.087380
-0.002800
0.013220
46.673870
16.801710
22.771900
-0.136430
-0.052770
-0.019820
13.874760
20.525210
5.228990
0.004850
-0.043570
0.099700
21.469280
13.558710
10.237720
-0.044570
0.013070
0.065890
16.181810
16.029600
9.286610
-0.012250
0.146230
-0.015700
18.162890
-1.582300
14.549860
-0.003750
-0.000870
0.049910
10.002920
11.826530
0.444170
-0.007680
0.159400
-0.017750
12.153620
5.658430
-1.948550
-0.006890
0.038510
0.048510
-1.251670
9.054390
0.741640
0.010650
0.031530
0.024330
-15.467990
18.231320
27.453200
0.008990
-0.000170
0.033850
2.703960
-0.870770
6.114760
-0.000810
0.051670
-0.089320
3.213210
-1.066220
5.436230
0.019420
0.054490
-0.030840
17.792670
-3.446940
7.107020
0.047340
-0.009450
0.115160
0.464350
6.784670
4.272310
-0.021220
0.109220
-0.033310
15.317080
1.709270
7.995840
0.074620
0.075150
0.089340
4.198930
6.012310
8.048610
0.040230
0.147670
-0.043080
9.975410
5.994120
5.935880
0.066110
0.121440
-0.021240
13.028370
10.299500
-4.862000
0.045210
0.107150
-0.054650
5.267790
7.090190
1.766170
0.093390
0.222560
0.092220
9.178100
5.275580
5.450220
0.147490
0.116160
0.104180
9.263910
4.199820
12.662500
0.113340
0.025320
0.189190
13.18695
6.06564
11.87835
0.26347
0.02858
0.14801
