10.084760
6.148990
17.626180
0.093310
0.088320
0.282080
10.753020
7.092440
13.906430
0.095560
0.166520
0.227510
6.703380
11.976980
18.514130
0.158730
0.189360
0.157050
5.681020
23.816060
20.651740
0.199300
0.156450
0.081510
29.616440
5.494330
48.909340
0.707100
0.407910
0.263250
17.119940
19.653800
44.888100
0.455100
0.416890
0.223980
8.457000
34.544420
27.253640
0.408670
0.372230
0.223740
-2.303050
32.006600
47.757990
0.021780
0.436260
0.301870
8.981340
33.018200
33.096740
0.337030
0.332420
0.411560
14.276190
20.708580
50.100050
0.301150
0.325700
0.450610
14.446850
16.142720
45.400650
0.375520
0.314190
0.301290
6.197180
18.895590
28.249270
0.088640
0.416270
0.199930
7.708470
-2.362810
-21.413810
0.137660
0.051130
-0.116310
-9.072360
3.767970
-20.499620
0.033430
0.086300
0.001880
-8.581130
5.060090
-6.232620
0.049670
0.033340
0.242140
-27.857420
8.346150
-27.725320
-0.089350
0.159050
-0.036550
2.772340
0.146260
-4.017860
0.223380
-0.044780
0.186500
5.613640
-3.822350
-16.722820
0.264560
-0.031190
-0.083760
13.358470
-6.115180
-16.503270
0.289570
-0.013450
-0.192230
-5.372900
-0.095620
-27.278890
0.002660
0.228230
-0.355850
-15.296760
-18.366220
-24.629480
-0.312990
-0.238320
-0.084630
-23.370990
-13.699540
-26.711770
-0.196540
-0.185220
-0.206790
-26.337620
-15.966570
-42.519530
-0.135750
-0.003290
-0.283550
-25.421400
-14.142910
-21.917480
-0.209600
-0.191760
-0.325930
-23.360420
-23.898950
-46.052700
-0.103360
0.030300
-0.218390
-19.462590
-21.279180
-32.381430
-0.176730
-0.154840
-0.112260
-19.061690
-21.132400
-34.016770
-0.254970
-0.168780
-0.110040
-18.394630
-16.115160
-19.558040
-0.198340
-0.232710
-0.256990
-19.934820
-17.564330
-18.588180
0.065080
-0.180750
0.027960
-23.640780
-18.772690
-22.777150
-0.024560
-0.122380
0.029590
-12.445080
-21.069410
-19.360110
0.027460
-0.163290
0.197920
-26.341870
-19.788540
-24.066510
-0.072990
-0.030820
-0.035350
-10.716670
-26.044010
-16.590480
0.028500
-0.096800
0.151430
-18.404810
-23.377700
-16.314500
-0.039890
-0.007290
-0.016880
-9.688860
-20.593040
-18.466570
0.010920
-0.079010
0.034220
-0.066850
-19.245900
-29.354940
0.122650
-0.247920
0.059780
-15.323410
-9.073200
-13.761010
-0.170180
-0.151220
-0.061440
-14.689390
-14.822510
-13.658460
-0.111730
-0.144100
-0.071330
-18.386280
-18.946310
-19.008930
-0.080620
-0.144810
-0.129490
-16.153280
-17.409990
-14.087050
-0.084850
-0.068960
-0.115830
-14.502950
-16.916710
-25.257930
-0.068140
-0.137270
-0.122130
-10.921880
-14.108520
-24.438770
-0.093750
-0.116380
-0.090530
-11.647160
-14.920200
-19.990630
-0.147920
-0.086810
-0.120850
-24.097660
-16.145190
-8.056830
-0.240650
-0.058770
-0.237260
-25.183960
-15.020340
-15.505310
-0.122360
-0.096100
-0.005290
-15.279050
-19.367080
-12.940460
-0.085710
-0.095600
-0.035440
-7.489270
-16.007530
-13.028420
-0.078620
-0.101100
-0.058070
-13.063830
-27.986980
-18.800040
-0.058750
-0.037370
-0.112140
-13.673700
-16.449250
-16.126320
-0.072280
-0.093220
-0.056520
-22.612450
-21.247170
-18.099330
-0.051970
-0.074770
-0.052350
-27.091890
-21.851810
-20.346760
-0.051230
-0.056830
-0.072140
-27.095610
-22.763830
-25.411510
-0.102720
-0.020580
-0.167200
