 	1	2	3	4	5	6	7	8	9
A	8916886.84	10891900.71	12788355.56	14089318.67	5075260.72	10682017.27	4202277.66	5830973.13	6774411.45
B	6464542.08	8312360.33	13222665.41	7266535.31	3092151.29	10140612.28	3970710.5	6841585.6	12256277.72
C	4970567.13	5456504.12	5962573.01	5145519.5	4544697.78	10712879.99	3492951.83	10553410.14	6199145.07
D	6036517.97	6079253.04	6354814.81	4834791.05	5684802.16	4870049.66	4998406.05	9287249.82	7846594.75
E	4465433.22	4682422.16	5215359.4	4520002.63	6262880.26	4340475.15	4385378.44	3879574.32	4514389.66
F	3748711.5	4042983.41	4329891.11	3745901.49	4590040.39	5931364.97	3582873.3	4352204.42	5000560.45
G	3830153.46	4139142.19	5177394.55	5339938.3	5923678.37	5533444.06	5416275.6	4990956.57	4459368.05
H	4091163.31	3953971.21	3932663.07	4431859.94	4788177.07	3931002.66	4588356.36	4127679.2	5149262.42
I	4903278.95	4435652.95	5849633.6	4475079.89	8972806.19	4376876.53	4614188.58	5658869.04	4780441.91
J	6286697.17	5855173.71	5635256.07	10594448.78	4915836.43	4615909.91	6296985.79	7244363.48	5478330.79
K	5387218.95	5132587.47	4839057.77	6618798.55	8168152.8	4391905.55	5008105.03	5695006.29	4867634.75
L	4596436.18	4340710.13	4240559.25	8471668.48	4564760.62	4723623.83	4256718.96	5697935.87	4080216.13
M	3882714.79	4218889.89	3954425.28	3751749.4	4364664.38	5068790.42	4073357.09	3899799.23	3584342.91
N	3894364.85	4240753.95	3529779.71	3893322.41	4600086.08	3957753.67	3557395.69	3860868.41	3281504.98
O	4237606.32	4105004.1	4134523.24	3739050.78	3855729.79	4946230.8	5591389.52	3282138.82	3777038.73
P	5029203.35	4545572.13	7505021.47	3819748.7	5608548.43	5164666.1	7294349.92	3792844.84	4299356.19
Q	8637325.62	5933528.7	6488111.22	8041295.29	6399760.26	6359633.45	5311913.67	5800902.36	5053780.02
R	13531723.94	8849862.44	8172577.29	11219792.98	8479007.53	7078909.02	6957331.57	8373461.78	4969917.57
S	8189449.51	6800375.99	6286136.44	7652157.62	7610991.55	7764398.23	9317300.67	8596305.47	7916154.74
T	5028173.24	4878891.34	4254151.06	4077994.26	3831250.09	4017862.99	6523387.62	4455431.0	4801467.13
U	5527042.82	5149343.96	5070742.56	4738160.06	3653924.09	3754545.01	5117734.19	5374521.84	4837091.11
V	4866604.38	5638977.19	4878451.18	4263624.68	5191135.54	2756844.2	3536915.18	5367993.81	7325621.75
