 	1	2	3	4	5	6	7	8	9	10
A	5410339.56	4894333.25	4873629.98	4660547.28	4819442.15	4549995.65	4792668.72	4724989.29	6089232.06	6530409.95
B	5585294.7	6208663.98	5132745.69	4730014.24	4990348.54	4840296.26	5026004.56	5247768.57	7536585.2	11650719.09
C	13069784.28	9667539.87	8281115.44	7464543.12	8583110.11	10320614.8	15964134.98	11699367.41	12946043.79	21875732.23
D	12552309.59	11773005.24	9173186.66	8136546.84	7676198.42	10491306.0	10613814.43	12170704.87	14815498.93	7484942.25
E	13610119.4	11725580.24	7310562.48	7230874.41	9654880.86	6741158.86	11973363.35	10610959.16	10723843.82	14124518.58
F	16627307.4	11410874.16	8180490.1	7121081.52	11072662.16	6891888.67	17393754.05	11382359.12	11345588.16	8588265.98
G	14251544.57	13075173.59	9561637.3	8977164.71	19246210.3	8724567.31	18165662.09	12977519.55	15189618.85	20792839.16
H	15540048.04	14682489.46	11661536.45	13616987.04	24397483.0	10910511.97	17194054.23	15660746.37	15414230.65	23983668.76
I	20569264.87	21973400.77	87791020.02	31847576.89	25543373.38	11475974.6	16391449.2	18319577.26	14423006.85	19014791.97
J	17081106.8	17224163.75	15777081.12	15800099.53	27333469.05	10922777.62	15580671.47	19622421.15	15182461.76	17657953.54
K	17166642.09	13954414.51	9718403.84	8924937.29	17451761.05	9699342.09	20457218.4	17923549.02	17391160.25	35612071.63
L	17885455.55	16160075.87	8938157.22	10009215.97	13979661.84	12634486.98	18033894.87	14942637.18	14338274.08	28692025.63
M	16475232.77	12644390.67	7663635.59	8763882.23	14145864.52	10198240.09	18865566.48	15925056.4	14574605.88	13697097.32
N	15407952.37	13104850.2	8331757.98	8109665.6	11307396.35	14123163.09	15968676.87	14411554.49	11265056.45	31787015.76
O	14446649.93	14647161.65	10420398.05	9463595.96	18965545.23	13495457.66	15552822.48	12890376.07	12887887.43	24473668.97
P	14820222.47	11869431.45	8174292.71	8931582.38	12642659.72	11883910.68	13823052.09	14065114.33	12984507.15	8052600.43
Q	12469361.92	10917997.31	8174647.02	7985626.2	8316104.66	13174880.84	15066635.05	12255146.1	11396125.5	7966867.28
R	12069219.4	11239849.96	7569558.59	8061302.59	11617811.28	12744648.78	12569389.51	11744125.7	10281501.07	7249862.23
S	13892290.4	13995393.22	10238044.15	14983705.07	19795153.17	20249309.41	14524823.64	16852250.31	35525399.71	24828867.17
T	14807480.91	15319706.06	11246337.08	17409153.78	26252529.3	22210780.38	22448775.37	19012126.23	25027723.92	10316968.52
U	20345346.91	20582392.6	18340494.01	18406940.24	18509478.18	18456577.07	21222090.26	21183983.13	21421456.21	5571341.12
V	13702134.3	14757671.62	13662241.41	10420199.57	15697782.17	19761860.11	14521662.06	12328114.95	14224461.52	5963012.64
W	15987190.33	15302926.88	10783718.46	11896130.74	20426558.05	17655761.64	17416297.34	18058656.33	17938620.88	6132680.52
X	16153500.58	16913526.14	15997273.56	69543459.35	22786656.42	55890522.91	14590256.33	16841471.01	17009004.06	6322959.11
