 	1	2	3	4	5	6	7	8	9	10
A	1345784.86	1572208.6	1291542.82	1409790.0	1279936.97	1335302.0	1277223.35	1329497.52	1705277.87	35604742.73
B	1569978.29	1683858.78	1403204.33	1585704.22	1500181.82	1623339.94	1467970.92	1589147.73	1652629.12	3913185.11
C	6528478.59	8040935.68	7053961.43	5941821.95	8032181.75	10076037.86	8069410.45	9773953.43	12344039.83	43953800.31
D	6372986.71	8337621.03	6976347.36	8089859.4	15026437.81	14211469.44	12326981.9	14907928.4	25545504.52	47276099.57
E	7521526.39	11438089.74	7331122.94	17954057.9	16896019.74	15365873.27	23703791.93	15917417.4	16293122.34	40741923.3
F	10729776.13	13160287.92	16122168.5	26386246.69	36802635.33	11945591.66	12464748.26	18051920.16	15610116.75	38121867.05
G	9255132.58	13068609.17	9947980.42	14863018.6	23518538.42	10705109.87	12616858.08	11827435.59	13507127.91	49809744.93
H	7652683.0	14251920.79	9167364.46	19392893.32	19941581.45	10736887.77	9535971.06	11654987.56	9922575.51	53084164.22
I	12232850.22	16577908.26	48056588.52	24667254.82	17885241.46	8062212.7	13642271.18	7988920.08	8111874.25	27074734.95
J	10343819.76	16004903.73	23115829.61	18779160.1	46586797.66	14464055.48	7025771.76	15790326.07	9067840.5	68510606.06
K	44702060.92	22235296.89	15541147.38	13435194.93	17408064.33	11159094.78	13586086.24	12783206.43	13066597.69	58108927.67
L	8978574.48	20853396.68	9203406.83	13367068.13	8526553.89	14882013.39	6598132.99	13119445.84	9740905.22	87637053.86
M	9202783.64	12960859.57	10709886.79	13492367.2	11800079.17	10613536.46	8503518.92	10240526.35	11502461.59	41514730.23
N	6512097.15	11670677.25	4871231.37	10428874.25	5275817.88	9156038.14	7441499.06	10738049.66	8429149.04	63620028.41
O	7891484.02	11131798.19	5553791.18	9539821.99	13030704.86	21283188.18	10610722.43	9799431.65	10678252.94	28738128.86
P	5543338.15	8626223.28	4059336.46	5142287.27	8567113.05	17222755.44	14507289.98	11909679.14	7598084.46	16549327.49
Q	5075272.7	6701255.96	3336072.52	4111574.16	4095756.28	11284494.89	15142868.27	9712279.69	7978311.16	9198658.83
R	6536575.94	8492454.3	4235364.68	4953091.16	5742548.79	9399610.86	8698183.49	11172531.52	6949162.42	15392698.55
S	27285841.95	24903158.48	17566965.65	20784999.43	12129455.97	15525069.67	20231071.49	12842068.61	15244605.28	6887713.22
T	13826401.96	23716380.24	13194274.3	21638690.75	13850512.57	14112430.61	23812732.62	16375432.0	11554348.26	12456303.71
U	14532312.19	15479282.37	9306780.9	10746197.01	11330068.77	11998694.11	12499271.12	14288317.33	16937448.46	8199119.98
V	8532282.84	15093296.56	8305058.86	12028144.14	12025486.42	7775232.45	8853776.07	12089525.11	9190819.19	15283926.51
W	11593485.99	14541857.58	11091084.63	12326662.23	25403459.78	8859466.91	9590108.15	14453226.6	14440720.06	10375840.09
X	8886739.05	19818944.7	30407478.24	13655370.49	58750049.41	7646354.89	9202096.19	13356396.48	10552334.14	17652328.7
